40ee8a 40eeb8 0 1 0 0 1
40ee8a 40eeb8 0 1 0 0 1
40ee8a 40eeb8 0 1 0 0 1
40ee8a 40eeb8 0 1 0 0 1
40ee8a 40eeb8 0 1 0 0 1
40ee8a 40eeb8 0 1 0 0 1
40ee8a 40eeb8 0 1 0 0 1
40ee8a 40eeb8 0 1 0 0 1
40ee8a 40eeb8 0 1 0 0 0
40ee8a 40eeb8 0 1 0 0 1
40ee8a 40eeb8 0 1 0 0 0
40ee8a 40eeb8 0 1 0 0 1
40ee8a 40eeb8 0 1 0 0 0
40ee8a 40eeb8 0 1 0 0 1
40ee8a 40eeb8 0 1 0 0 0
40ee8a 40eeb8 0 1 0 0 1
40ee8a 40eeb8 0 1 0 0 0
40ee8a 40eeb8 0 1 0 0 1
40ee8a 40eeb8 0 1 0 0 0
40ee8a 40eeb8 0 1 0 0 1
40ee8a 40eeb8 0 1 0 0 0
40ee8a 40eeb8 0 1 0 0 1
40ee8a 40eeb8 0 1 0 0 0
40ee8a 40eeb8 0 1 0 0 1
40ee8a 40eeb8 0 1 0 0 0
40ee8a 40eeb8 0 1 0 0 1
40ee8a 40eeb8 0 1 0 0 0
40ee8a 40eeb8 0 1 0 0 1
40ee8a 40eeb8 0 1 0 0 0
40ee8a 40eeb8 0 1 0 0 1
40ee8a 40eeb8 0 1 0 0 0
40ee8a 40eeb8 0 1 0 0 1
40ee8a 40eeb8 0 1 0 0 0
40ee8a 40eeb8 0 1 0 0 1
